30 15
512 256
0 0 0 0 0 0 0 0 0 0 0 0 0 0 0 0 0 0 0 0 0 0 0 0 0 0 0 0 0 0
0 0 0 0 0 0 0 0 0 0 0 0 0 0 0 0 0 0 0 0 0 0 0 0 0 0 0 0 0 0
0 0 0 0 0 0 0 0 0 0 0 0 0 0 0 0 0 0 0 0 0 0 0 0 0 0 0 0 0 0
0 0 0 0 0 0 0 3 3 3 3 3 3 3 3 3 0 0 0 0 0 0 0 0 0 0 0 0 0 0
0 0 0 0 0 0 0 3 2 2 2 2 2 2 2 3 0 0 0 0 3 3 3 0 0 0 0 0 0 0
0 0 0 0 0 0 0 3 2 2 2 2 2 2 2 3 3 3 3 3 3 2 3 0 0 0 0 0 0 0
0 0 0 0 0 0 0 3 2 2 2 2 2 2 2 4 2 2 2 2 2 2 3 0 0 0 0 0 0 0
0 0 0 0 0 0 0 3 2 2 2 2 2 2 2 4 2 2 2 2 2 2 3 0 0 0 0 0 0 0
0 0 0 0 0 0 0 3 2 2 2 2 2 2 2 4 2 2 2 2 2 2 3 0 0 0 0 0 0 0
0 0 0 0 0 0 0 3 2 2 2 2 2 2 2 3 3 3 3 3 3 2 3 0 0 0 0 0 0 0
0 0 0 0 0 0 0 3 2 2 2 2 2 2 2 3 0 0 0 0 3 3 3 0 0 0 0 0 0 0
0 0 0 0 0 0 0 3 3 3 3 3 3 3 3 3 0 0 0 0 0 0 0 0 0 0 0 0 0 0
0 0 0 0 0 0 0 0 0 0 0 0 0 0 0 0 0 0 0 0 0 0 0 0 0 0 0 0 0 0
0 0 0 0 0 0 0 0 0 0 0 0 0 0 0 0 0 0 0 0 0 0 0 0 0 0 0 0 0 0
0 0 0 0 0 0 0 0 0 0 0 0 0 0 0 0 0 0 0 0 0 0 0 0 0 0 0 0 0 0